N: 80
Min: 20
Max: 87
Average: 58.900000
Number over average: 42
Truncated average: 59.038462
Variance: 234.141772
