N: 80
Min: 36
Max: 93
Average: 62.262500
Number over average: 39
Truncated average: 62.205128
Variance: 225.588449
